model: GBDT
dataset: ideal
mode: fm
seed: 42
MAE_FM: 0.9902450578676526
RMSE_FM: 19.061930197250447
R2_FM: 0.9999999350334275
MAPE_FM(%): 0.0015800580680064898
within_5%: 1.0
within_10%: 1.0
under_tight_ratio: 0.4735
over_tight_ratio: 0.5265
n_test: 2000
run_id: gbdt_ideal_mode-fm_seed-42
