model: FT
dataset: ideal
mode: delta_k
seed: 44
MAE_FM: 1284.6283503994173
RMSE_FM: 1758.698298245828
R2_FM: 0.9994566290876196
MAPE_FM(%): 1.5039484330586002
within_5%: 0.9995
within_10%: 1.0
under_tight_ratio: 0.091
over_tight_ratio: 0.909
n_test: 2000
run_id: ft_ideal_mode-delta_k_seed-44
