model: FT
dataset: ideal
mode: delta_k
seed: 41
MAE_FM: 1152.7988373064761
RMSE_FM: 1726.6363725547833
R2_FM: 0.9994229946419567
MAPE_FM(%): 1.2622144318052693
within_5%: 1.0
within_10%: 1.0
under_tight_ratio: 0.2865
over_tight_ratio: 0.7135
n_test: 2000
run_id: ft_ideal_mode-delta_k_seed-41
