model: FT
dataset: perturbed
mode: k_meas
seed: 41
MAE_FM: 2021.208002996155
RMSE_FM: 3427.960332902432
R2_FM: 0.9979326834268331
MAPE_FM(%): 2.4400227322405406
within_5%: 0.87
within_10%: 0.9925
under_tight_ratio: 0.2945
over_tight_ratio: 0.7055
n_test: 2000
run_id: ft_perturbed_mode-k_meas_seed-41
