model: FT
dataset: perturbed
mode: delta_k
seed: 41
MAE_FM: 2086.3213721231264
RMSE_FM: 3567.1877558770702
R2_FM: 0.997761344079442
MAPE_FM(%): 2.286369349899124
within_5%: 0.911
within_10%: 0.995
under_tight_ratio: 0.5955
over_tight_ratio: 0.4045
n_test: 2000
run_id: ft_perturbed_mode-delta_k_seed-41
