model: FT
dataset: perturbed
mode: k_meas
seed: 44
MAE_FM: 3918.8841990124574
RMSE_FM: 5598.233451812054
R2_FM: 0.994331542764881
MAPE_FM(%): 4.046341193450919
within_5%: 0.729
within_10%: 0.9685
under_tight_ratio: 0.1175
over_tight_ratio: 0.8825
n_test: 2000
run_id: ft_perturbed_mode-k_meas_seed-44
