model: FT
dataset: ideal
mode: fm
seed: 42
MAE_FM: 96927.38016077882
RMSE_FM: 122425.09481395959
R2_FM: -1.6797674193874776
MAPE_FM(%): 98.97368973500343
within_5%: 0.0
within_10%: 0.0
under_tight_ratio: 1.0
over_tight_ratio: 0.0
n_test: 2000
run_id: ft_ideal_mode-fm_seed-42
