model: FT
dataset: ideal
mode: k_meas
seed: 40
MAE_FM: 1716.003841572893
RMSE_FM: 2893.059353702504
R2_FM: 0.9984180452284716
MAPE_FM(%): 1.3316312943186084
within_5%: 0.9985
within_10%: 1.0
under_tight_ratio: 0.1675
over_tight_ratio: 0.8325
n_test: 2000
run_id: ft_ideal_mode-k_meas_seed-40
