model: FT
dataset: perturbed
mode: delta_k
seed: 44
MAE_FM: 2033.1088985366837
RMSE_FM: 3113.321921052047
R2_FM: 0.9982468829093198
MAPE_FM(%): 2.3564094029730582
within_5%: 0.8965
within_10%: 0.9925
under_tight_ratio: 0.274
over_tight_ratio: 0.726
n_test: 2000
run_id: ft_perturbed_mode-delta_k_seed-44
