model: FT
dataset: perturbed
mode: k_meas
seed: 43
MAE_FM: 6056.5457317775745
RMSE_FM: 8116.602199446885
R2_FM: 0.9877722809148126
MAPE_FM(%): 6.081896738591479
within_5%: 0.3065
within_10%: 0.921
under_tight_ratio: 0.047
over_tight_ratio: 0.953
n_test: 2000
run_id: ft_perturbed_mode-k_meas_seed-43
