model: FT
dataset: perturbed
mode: k_meas
seed: 40
MAE_FM: 1914.2732835761544
RMSE_FM: 3158.906383068015
R2_FM: 0.998262118460735
MAPE_FM(%): 2.1214449608795434
within_5%: 0.9225
within_10%: 0.9965
under_tight_ratio: 0.39
over_tight_ratio: 0.61
n_test: 2000
run_id: ft_perturbed_mode-k_meas_seed-40
