model: FT
dataset: perturbed
mode: k_meas
seed: 42
MAE_FM: 3286.4033664852295
RMSE_FM: 4875.900706127595
R2_FM: 0.9956366776069839
MAPE_FM(%): 3.134858291455262
within_5%: 0.831
within_10%: 0.9905
under_tight_ratio: 0.181
over_tight_ratio: 0.819
n_test: 2000
run_id: ft_perturbed_mode-k_meas_seed-42
