model: GBDT
dataset: perturbed
mode: delta_k
seed: 42
MAE_FM: 519.094960980034
RMSE_FM: 993.382076280254
R2_FM: 0.9998188909150291
MAPE_FM(%): 0.5803219748954455
within_5%: 0.998
within_10%: 1.0
under_tight_ratio: 0.525
over_tight_ratio: 0.475
n_test: 2000
run_id: gbdt_perturbed_mode-delta_k_seed-42
