model: GBDT
dataset: ideal
mode: delta_k
seed: 42
MAE_FM: 3.2378011383116246e-12
RMSE_FM: 8.06286417483065e-12
R2_FM: 1.0
MAPE_FM(%): 3.129280149388545e-15
within_5%: 1.0
within_10%: 1.0
under_tight_ratio: 0.2215
over_tight_ratio: 0.0
n_test: 2000
run_id: gbdt_ideal_mode-delta_k_seed-42
