model: GBDT
dataset: perturbed
mode: k_meas
seed: 42
MAE_FM: 522.2237160718696
RMSE_FM: 998.8760024654921
R2_FM: 0.9998168821182025
MAPE_FM(%): 0.5836318355632812
within_5%: 0.998
within_10%: 1.0
under_tight_ratio: 0.5315
over_tight_ratio: 0.4685
n_test: 2000
run_id: gbdt_perturbed_mode-k_meas_seed-42
